183 186 177 215 393 535 486 492 449 521 562 327 90 459 363 126 640 526 72 436 311 168 467 429 282 
530 362 223 267 635 229 602 122 558 269 667 393 56 611 142 29 473 621 119 384 437 398 324 415 470
213 26 91 680 456 373 662 270 596 381 205 125 284 327 136 5 446 529 213 357 124 395 282 45 514 667
634 364 443 350 287 108 376 378 88 284 203 51 554 99 432 60 376 168 539 512 326 286 494 539 95 70
234 378 267 201 497 202 17 392 552 456 501 380 286 41 665 489 244 519 40 129 31 417 297 183 186 177 
15 393 535 486 492 449 521 562 327 90 459 363 126 640 526 72 436 311 168 467 429 282 530 362 223 267 
35 229 602 122 558 269 667 393 56 611 142 29 473 621 119 384 437 398 324 415 470 213 26 91 680 456 373
662 270 596 381 205 125 284 327 136 5 446 529 213 357 124 395 282 45 514 667 634 364 443 350 287 108
376 378 88 284 203 51 554 99 432 60 376 168 539 512 326 286 494 539 95 70 234 378 267 201 497 202 17
392 552 456 501 380 286 41 665 489 244 519 40 129 31 417 297 183 186 177 215 393 535 486 492 449 521
562 327 90 459 363 126 640 526 72 436 311 168 467 429 282 530 362 223 267 635 229 602 122 558 269 667
393 56 611 142 29 473 621 119 384 437 398 324 415 470 213 26 91 680 456 373 662 270 596 381 205 125
284 327 136 5 446 529 213 357 124 395 282 45 514 667 634 364 443 350 287 108 376 378 88 284 203 51
554 99 432 60 376 168 539 512 326 286 494 539 95 70 234 378 267 201 497 202 17 392 552 456 501 380
286 41 665 489 244 519 40 129 31 417 297 183 186 177 215 393 535 486 492 449 521 562 327 90 459 363
126 640 526 72 436 311 168 467 429 282 530 362 223 267 635 229 602 122 558 269 667 393 56 611 142 29
473 621 119 384 437 398 324 415 470 213 26 91 680 456 373 662 270 596 381 205 125 284 327 136 5 446
529 213 357 124 395 282 45 514 667 634 364 443 350 287 108 376 378 88 284 203 51 554 99 432 60 376 168
539 512 326 286 494 539 95 70 234 378 267 201 497 202 17 392 552 456 501 380 286 41 665 489 244 519 40
129 31 417 297

5 5 5 5 17 17 17 17 26 26 26 26 29 29 29 29 31 31 31 31 40 40 40 40 41 41 41 41 45 45 45 45 51 51 51 51
56 56 56 56 60 60 60 60 70 70 70 70 72 72 72 72 88 88 88 88 90 90 90 90 91 91 91 91 95 95 95 95 99 99 99
99 108 108 108 108 119 119 119 119 122 122 122 122 124 124 124 124 125 125 125 125 126 126 126 126 129
129 129 129 136 136 136 136 142 142 142 142 168 168 168 168 168 168 168 168 177 177 177 177 183 183 183
183 186 186 186 186 201 201 201 201 202 202 202 202 203 203 203 203 205 205 205 205 213 213 213 213 213
213 213 213 215 215 215 215 223 223 223 223 229 229 229 229 234 234 234 234 244 244 244 244 267 267 267 
267 267 267 267 267 269 269 269 269 270 270 270 270 282 282 282 282 282 282 282 282 284 284 284 284 284
284 284 284 286 286 286 286 286 286 286 286 287 287 287 287 297 297 297 297 311 311 311 311 324 324 324
324 326 326 326 326 327 327 327 327 327 327 327 327 350 350 350 350 357 357 357 357 362 362 362 362 363
363 363 363 364 364 364 364 373 373 373 373 376 376 376 376 376 376 376 376 378 378 378 378 378 378 378
378 380 380 380 380 381 381 381 381 384 384 384 384 392 392 392 392 393 393 393 393 393 393 393 393 395
395 395 395 398 398 398 398 415 415 415 415 417 417 417 417 429 429 429 429 432 432 432 432 436 436 436
436 437 437 437 437 443 443 443 443 446 446 446 446 449 449 449 449 456 456 456 456 456 456 456 456 459 
459 459 459 467 467 467 467 470 470 470 470 473 473 473 473 486 486 486 486 489 489 489 489 492 492 492
492 494 494 494 494 497 497 497 497 501 501 501 501 512 512 512 512 514 514 514 514 519 519 519 519 521
521 521 521 526 526 526 526 529 529 529 529 530 530 530 530 535 535 535 535 539 539 539 539 539 539 539
539 552 552 552 552 554 554 554 554 558 558 558 558 562 562 562 562 596 596 596 596 602 602 602 602 611
611 611 611 621 621 621 621 634 634 634 634 635 635 635 635 640 640 640 640 662 662 662 662 665 665 665
665 667 667 667 667 667 667 667 667 680 680 680 680